frequency1: 523.250000
amplitude1: 0.700000
waveform1: 3
attackTime1: 0.020000
decayTime1: 1.000000
sustainLevel1: 0.300000
releaseTime1: 1.500000
frequency2: 1046.500000
amplitude2: 0.500000
waveform2: 3
attackTime2: 0.030000
decayTime2: 1.200000
sustainLevel2: 0.200000
releaseTime2: 1.800000